result: 12410.0 29518 0.42042143776678637

result: 13032.0 29518 0.44149332610610476