acc: 13978.0 29518 0.4735415678569009
result: 13978.0 29518 0.4735415678569009


acc: 13703.0 29518 0.4642252185107392
result: 13703.0 29518 0.4642252185107392