acc: 13978.0 29518 0.4735415678569009
result: 13978.0 29518 0.4735415678569009